750
6 8
22
28
49 51
78
83
86 88
105 108
109
113
125
127
154
161 162
168 169
179
196
197
200 204
217
219
241
238 242
260
259 262
286
294
314
339 341
343 344
390 392
407 408
416
466 469
470 471
472
488
497
510 511
546
550
557
567
588
618 619
638
645
660 661
720 721
723
725
728
732
740 744
745
761
771
779
795 796
802
813 814
836
846 847
890
962
969
993 995
13
19
20 26
38
40 44
50
66 67
87
99 101
145
149
147 150
153 155
181
187
191 195
201
211
216
247
254
275
277
287
300
301
320
329
367
381
387
401 402
404
455 458
459 461
468
474 475
480
508
512 513
521 522
523 524
555
559
561
576
606
615 617
623
654
668 670
706
739
746
775
799
816 817
853 856
867
877
884 885
889
913
924
939
942
950
954
958 960
964
990 991
994
4
5
11
23
34
71 72
81
89
90
92
103
129 130
131 133
134 137
139
148
166
228
281
296
302
297 304
306 307
313
310 318
324 327
348
349
360
364
370
375 376
382 383
409 410
411
423
422 424
429
433
450
451
452 454
457
467
479
481 482
485
504
509
539
541
543 544
551
616
629
644
648
673 674
677
679
701 703
704
729
755
756
757
768
777
792
803
830
855
857 858
864
880
879 881
887
899
923
963
972
985 988
9
10 12
21
27 30
31 32
35
48
70
91 93
98
106
114 115
156 157
167
180 182
202
208
265
292
305
368 371
386 388
389
413 414
438 443
456
462
463
499
500
507
517 518
530
532
549
568 571
594
609 612
613
614
624 625
627
641
637 643
651 653
688
712
736
759 760
793 794
800 801
832 833
834 835
840 841
860
861 862
871 872
896
900
902 903
905
907
912 915
926
936
951
952 953
982 984
986
992
3
15 18
25
41
111
120
123 124
144 146
159
163 165
189
198 199
226 227
243 244
245
251
272
289 290
335 336
347
345 350
352
353 355
361
372 373
391
393
403 405
435
436
434 437
502
516
533
545 547
554
564 566
570
572 573
584
610
620 622
650
663
662 664
671
686 689
707
708
718
735 737
743
762 763
812
820
831
844
845
870
878
888
919 920
921
941 943
944
970
987
998
39
46 47
60
59 61
64 65
73
94 95
142
158 160
171 172
178
203
225
229
232
233
231 234
249 250
255
261
267
278
279
284
285 288
299
311
328
337 338
358
362
369
396
400
406
421
430
442
460
464 465
476 478
483
490 492
494 495
501 503
526
562 563
581 582
583 585
589 590
596
597
604
605
669
687
710 711
714 715
719
754
753 758
765 769
786
808 810
815
821
837 838
852
863
865
873 876
886
906
922
929 930
935
947 949
956 957
961 965
978
0 2
7
24
29
54 55
62
63
100
126 128
140
138 143
177
193
212
213
222
240
270 271
274
273 280
283
309
319
330 331
365 366
384 385
439
440
446
473
514
528 529
536
560
565
579 580
591
593
640
656
682
693
705 709
724
727
776
787
788 789
804
811
827
839
849
850
851
875
908
910 911
916 918
925
931
933
932 934
975
997
1
36 37
45
57 58
75
77
80 82
84 85
118 119
121
136
174
184
186
209
214 215
223 224
239
246 248
256 257
266 269
298
303
312
315
332
342
346
356
377
378
380
412
425
428 432
453
486
484 487
489
491
496 498
519
520
534 535
540
574
607 608
611
628 630
631 632
635 636
652
658
665 666
667
672
675 676
680
690
692
697 698
702
713
716 717
726 731
733
742
770 773
778
774 781
785
790
791
805 806
807
809
819
822
823
818 824
826
825 828
842
866 868
869
874
893
895
894 897
917
927 928
980 981
983
68 69
74
107
110
112
116 117
132
164
170
173 175
176
183 185
205
230
235
236 237
258
263 264
293
291 295
316
323
325
326
334
340
351
354
357
374
379
394 395
397
398 399
415 417
418 419
431
441
515
525 527
531
538
537 542
548 552
556
575
592
621
633 634
647
655
657 659
678
681 683
684 685
699 700
730
738
741
747
751 752
764
767
772
829
843
848
854
882 883
898 901
904 909
914
938
937 940
945 946
955
966
967 968
973 974
976
977 979
14
16
17
33
42
43
52 53
76 79
96 97
102 104
135
141
151 152
188 190
192
194
206 207
210
220
218 221
252 253
268
276
282
308
317
321 322
333
359 363
420
426 427
444 445
448
447 449
477
493
505
506
553 558
569
577 578
586 587
595 598
599 600
602
601 603
626
639
642
646
649
691
694
695 696
722
734
748
749 750
766
780
782 783
784
797 798
859
891 892
948
959
971
989
996 999
56
122